1	1
2	3
3	7
4	12
5	19
6	27
7	36
8	47
9	59
10	73
11	88
12	104
13	122
14	141
15	162
16	184
17	208
18	233
19	259
20	287
21	316
22	347
23	379
24	412
25	447
26	483
27	521
28	560
29	601
30	643
31	686
32	731
33	777
34	825
35	874
36	924
37	976
38	1029
39	1084
40	1140
41	1197
42	1256
43	1316
44	1378
45	1441
46	1506
47	1572
48	1639
49	1708
50	1778
51	1850
52	1923
53	1997
54	2073
55	2150
56	2229
57	2309
58	2391
59	2474
60	2558
61	2644
62	2731
63	2820
64	2910
65	3001
66	3094
67	3188
68	3284
69	3381
70	3479
71	3579
72	3680
73	3783
74	3887
75	3993
76	4100
77	4208
78	4318
79	4429
80	4542
81	4656
82	4771
83	4888
84	5006
85	5126
86	5247
87	5370
88	5494
89	5619
90	5746
91	5874
92	6004
93	6135
94	6267
95	6401
96	6536
97	6673
98	6811
99	6951
100	7092
101	7234
102	7378
103	7523
104	7670
105	7818
106	7967
107	8118
108	8270
109	8424
110	8579
111	8735
112	8893
113	9052
114	9213
115	9375
116	9539
117	9704
118	9870
119	10038
120	10207
121	10378
122	10550
123	10723
124	10898
125	11074
126	11252
127	11431
128	11612
129	11794
130	11977
131	12162
132	12348
133	12536
134	12725
135	12915
136	13107
137	13300
138	13495
139	13691
140	13888
141	14087
142	14287
143	14489
144	14692
145	14897
146	15103
147	15310
148	15519
149	15729
150	15941
151	16154
152	16368
153	16584
154	16801
155	17020
156	17240
157	17462
158	17685
159	17909
160	18135
161	18362
162	18591
163	18821
164	19052
165	19285
166	19519
167	19755
168	19992
169	20231
170	20471
171	20712
172	20955
173	21199
174	21445
175	21692
176	21940
177	22190
178	22441
179	22694
180	22948
181	23203
182	23460
183	23718
184	23978
185	24239
186	24502
187	24766
188	25031
189	25298
190	25566
191	25836
192	26107
193	26379
194	26653
195	26928
196	27205
197	27483
198	27763
199	28044
200	28326
201	28610
202	28895
203	29182
204	29470
205	29759
206	30050
207	30342
208	30636
209	30931
210	31227
211	31525
212	31824
213	32125
214	32427
215	32731
216	33036
217	33342
218	33650
219	33959
220	34270
221	34582
222	34895
223	35210
224	35526
225	35844
226	36163
227	36484
228	36806
229	37129
230	37454
231	37780
232	38108
233	38437
234	38767
235	39099
236	39432
237	39767
238	40103
239	40440
240	40779
241	41119
242	41461
243	41804
244	42149
245	42495
246	42842
247	43191
248	43541
249	43893
250	44246
251	44600
252	44956
253	45313
254	45672
255	46032
256	46394
257	46757
258	47121
259	47487
260	47854
261	48223
262	48593
263	48964
264	49337
265	49711
266	50087
267	50464
268	50843
269	51223
270	51604
271	51987
272	52371
273	52757
274	53144
275	53532
276	53922
277	54313
278	54706
279	55100
280	55495
281	55892
282	56290
283	56690
284	57091
285	57494
286	57898
287	58303
288	58710
289	59118
290	59528
291	59939
292	60351
293	60765
294	61180
295	61597
296	62015
297	62435
298	62856
299	63278
300	63702
301	64127
302	64554
303	64982
304	65411
305	65842
306	66274
307	66708
308	67143
309	67579
310	68017
311	68456
312	68897
313	69339
314	69783
315	70228
316	70674
317	71122
318	71571
319	72022
320	72474
321	72927
322	73382
323	73838
324	74296
325	74755
326	75216
327	75678
328	76141
329	76606
330	77072
331	77540
332	78009
333	78479
334	78951
335	79424
336	79899
337	80375
338	80853
339	81332
340	81812
341	82294
342	82777
343	83262
344	83748
345	84235
346	84724
347	85214
348	85706
349	86199
350	86693
351	87189
352	87686
353	88185
354	88685
355	89187
356	89690
357	90194
358	90700
359	91207
360	91716
361	92226
362	92737
363	93250
364	93764
365	94280
366	94797
367	95316
368	95836
369	96357
370	96880
371	97404
372	97930
373	98457
374	98985
375	99515
376	100046
377	100579
378	101113
379	101648
380	102185
381	102723
382	103263
383	103804
384	104347
385	104891
386	105436
387	105983
388	106531
389	107081
390	107632
391	108184
392	108738
393	109293
394	109850
395	110408
396	110968
397	111529
398	112091
399	112655
400	113220
401	113787
402	114355
403	114924
404	115495
405	116067
406	116641
407	117216
408	117792
409	118370
410	118949
411	119530
412	120112
413	120696
414	121281
415	121867
416	122455
417	123044
418	123635
419	124227
420	124820
421	125415
422	126011
423	126609
424	127208
425	127809
426	128411
427	129014
428	129619
429	130225
430	130833
431	131442
432	132052
433	132664
434	133277
435	133892
436	134508
437	135126
438	135745
439	136365
440	136987
441	137610
442	138235
443	138861
444	139488
445	140117
446	140747
447	141379
448	142012
449	142646
450	143282
451	143919
452	144558
453	145198
454	145840
455	146483
456	147127
457	147773
458	148420
459	149069
460	149719
461	150370
462	151023
463	151677
464	152333
465	152990
466	153649
467	154309
468	154970
469	155633
470	156297
471	156963
472	157630
473	158298
474	158968
475	159639
476	160312
477	160986
478	161661
479	162338
480	163016
481	163696
482	164377
483	165060
484	165744
485	166429
486	167116
487	167804
488	168494
489	169185
490	169877
491	170571
492	171266
493	171963
494	172661
495	173361
496	174062
497	174764
498	175468
499	176173
500	176880
501	177588
502	178297
503	179008
504	179720
505	180434
506	181149
507	181866
508	182584
509	183303
510	184024
511	184746
512	185470
513	186195
514	186921
515	187649
516	188378
517	189109
518	189841
519	190574
520	191309
521	192045
522	192783
523	193522
524	194263
525	195005
526	195748
527	196493
528	197239
529	197987
530	198736
531	199486
532	200238
533	200991
534	201746
535	202502
536	203260
537	204019
538	204779
539	205541
540	206304
541	207069
542	207835
543	208602
544	209371
545	210141
546	210913
547	211686
548	212460
549	213236
550	214013
551	214792
552	215572
553	216354
554	217137
555	217921
556	218707
557	219494
558	220283
559	221073
560	221864
561	222657
562	223451
563	224247
564	225044
565	225843
566	226643
567	227444
568	228247
569	229051
570	229857
571	230664
572	231472
573	232282
574	233093
575	233906
576	234720
577	235536
578	236353
579	237171
580	237991
581	238812
582	239635
583	240459
584	241284
585	242111
586	242939
587	243769
588	244600
589	245432
590	246266
591	247101
592	247938
593	248776
594	249616
595	250457
596	251299
597	252143
598	252988
599	253835
600	254683
601	255532
602	256383
603	257235
604	258089
605	258944
606	259801
607	260659
608	261518
609	262379
610	263241
611	264105
612	264970
613	265836
614	266704
615	267573
616	268444
617	269316
618	270189
619	271064
620	271940
621	272818
622	273697
623	274578
624	275460
625	276343
626	277228
627	278114
628	279002
629	279891
630	280781
631	281673
632	282566
633	283461
634	284357
635	285255
636	286154
637	287054
638	287956
639	288859
640	289764
641	290670
642	291577
643	292486
644	293396
645	294308
646	295221
647	296135
648	297051
649	297968
650	298887
651	299807
652	300729
653	301652
654	302576
655	303502
656	304429
657	305358
658	306288
659	307219
660	308152
661	309086
662	310022
663	310959
664	311898
665	312838
666	313779
667	314722
668	315666
669	316612
670	317559
671	318507
672	319457
673	320408
674	321361
675	322315
676	323271
677	324228
678	325186
679	326146
680	327107
681	328070
682	329034
683	329999
684	330966
685	331934
686	332904
687	333875
688	334847
689	335821
690	336796
691	337773
692	338751
693	339731
694	340712
695	341694
696	342678
697	343663
698	344650
699	345638
700	346627
701	347618
702	348610
703	349604
704	350599
705	351596
706	352594
707	353593
708	354594
709	355596
710	356600
711	357605
712	358611
713	359619
714	360628
715	361639
716	362651
717	363664
718	364679
719	365695
720	366713
721	367732
722	368753
723	369775
724	370798
725	371823
726	372849
727	373877
728	374906
729	375936
730	376968
731	378001
732	379036
733	380072
734	381110
735	382149
736	383189
737	384231
738	385274
739	386319
740	387365
741	388412
742	389461
743	390511
744	391563
745	392616
746	393671
747	394727
748	395784
749	396843
750	397903
751	398965
752	400028
753	401092
754	402158
755	403225
756	404294
757	405364
758	406435
759	407508
760	408582
761	409658
762	410735
763	411814
764	412894
765	413975
766	415058
767	416142
768	417228
769	418315
770	419403
771	420493
772	421584
773	422677
774	423771
775	424867
776	425964
777	427062
778	428162
779	429263
780	430366
781	431470
782	432575
783	433682
784	434790
785	435900
786	437011
787	438123
788	439237
789	440352
790	441469
791	442587
792	443707
793	444828
794	445950
795	447074
796	448199
797	449326
798	450454
799	451583
800	452714
801	453846
802	454980
803	456115
804	457252
805	458390
806	459529
807	460670
808	461812
809	462956
810	464101
811	465247
812	466395
813	467544
814	468695
815	469847
816	471000
817	472155
818	473311
819	474469
820	475628
821	476789
822	477951
823	479114
824	480279
825	481445
826	482613
827	483782
828	484952
829	486124
830	487297
831	488472
832	489648
833	490826
834	492005
835	493185
836	494367
837	495550
838	496735
839	497921
840	499108
841	500297
842	501487
843	502679
844	503872
845	505067
846	506263
847	507460
848	508659
849	509859
850	511061
851	512264
852	513468
853	514674
854	515881
855	517090
856	518300
857	519511
858	520724
859	521938
860	523154
861	524371
862	525590
863	526810
864	528031
865	529254
866	530478
867	531704
868	532931
869	534159
870	535389
871	536620
872	537853
873	539087
874	540323
875	541560
876	542798
877	544038
878	545279
879	546522
880	547766
881	549011
882	550258
883	551506
884	552756
885	554007
886	555259
887	556513
888	557768
889	559025
890	560283
891	561543
892	562804
893	564066
894	565330
895	566595
896	567862
897	569130
898	570399
899	571670
900	572942
901	574216
902	575491
903	576768
904	578046
905	579325
906	580606
907	581888
908	583172
909	584457
910	585743
911	587031
912	588320
913	589611
914	590903
915	592197
916	593492
917	594788
918	596086
919	597385
920	598686
921	599988
922	601291
923	602596
924	603902
925	605210
926	606519
927	607829
928	609141
929	610454
930	611769
931	613085
932	614403
933	615722
934	617042
935	618364
936	619687
937	621012
938	622338
939	623665
940	624994
941	626324
942	627656
943	628989
944	630324
945	631660
946	632997
947	634336
948	635676
949	637018
950	638361
951	639705
952	641051
953	642398
954	643747
955	645097
956	646448
957	647801
958	649155
959	650511
960	651868
961	653227
962	654587
963	655948
964	657311
965	658675
966	660041
967	661408
968	662776
969	664146
970	665517
971	666890
972	668264
973	669640
974	671017
975	672395
976	673775
977	675156
978	676539
979	677923
980	679308
981	680695
982	682083
983	683473
984	684864
985	686257
986	687651
987	689046
988	690443
989	691841
990	693241
991	694642
992	696044
993	697448
994	698853
995	700260
996	701668
997	703077
998	704488
999	705900
1000 707314